@00000000
13 01 01 FF 23 26 11 00 23 24 81 00 13 04 01 01
37 81 00 00 13 01 01 FF 23 26 11 00 23 24 81 00
13 06 00 01 B7 27 00 00 93 85 07 00 B7 17 00 00
13 85 07 00 EF 00 40 20 93 07 00 00 13 85 07 00
83 20 C1 00 03 24 81 00 13 01 01 01 67 80 00 00
13 01 01 FD 23 26 81 02 13 04 01 03 23 2E A4 FC
23 2C B4 FC 23 2A C4 FC 23 26 04 FE 6F 00 80 03
83 27 C4 FE 93 97 27 00 03 27 C4 FD 33 07 F7 00
83 27 C4 FE 93 97 27 00 83 26 84 FD B3 87 F6 00
03 27 07 00 23 A0 E7 00 83 27 C4 FE 93 87 17 00
23 26 F4 FE 03 27 C4 FE 83 27 44 FD E3 62 F7 FC
93 07 10 00 13 85 07 00 03 24 C1 02 13 01 01 03
67 80 00 00 13 01 01 FD 23 26 11 02 23 24 81 02
13 04 01 03 23 2E A4 FC 23 2C B4 FC 23 2A C4 FC
83 27 44 FD 93 D7 17 00 13 86 07 00 83 25 84 FD
03 25 C4 FD EF 00 40 14 83 27 44 FD 93 D7 17 00
93 97 27 00 03 27 C4 FD B3 06 F7 00 83 27 44 FD
93 D7 17 00 93 97 27 00 03 27 84 FD 33 07 F7 00
83 27 44 FD 93 D7 17 00 13 86 07 00 93 05 07 00
13 85 06 00 EF 00 40 10 23 26 04 FE 83 27 44 FD
93 D7 17 00 23 24 F4 FE 23 22 04 FE 6F 00 C0 0B
83 27 44 FD 93 D7 17 00 03 27 C4 FE 63 78 F7 02
83 27 C4 FE 93 97 27 00 03 27 C4 FD B3 07 F7 00
03 A7 07 00 83 27 84 FE 93 97 27 00 83 26 C4 FD
B3 87 F6 00 83 A7 07 00 63 E8 E7 00 03 27 84 FE
83 27 44 FD 63 6C F7 02 83 27 C4 FE 13 87 17 00
23 26 E4 FE 93 97 27 00 03 27 C4 FD 33 07 F7 00
83 27 44 FE 93 97 27 00 83 26 84 FD B3 87 F6 00
03 27 07 00 23 A0 E7 00 6F 00 40 03 83 27 84 FE
13 87 17 00 23 24 E4 FE 93 97 27 00 03 27 C4 FD
33 07 F7 00 83 27 44 FE 93 97 27 00 83 26 84 FD
B3 87 F6 00 03 27 07 00 23 A0 E7 00 83 27 44 FE
93 87 17 00 23 22 F4 FE 03 27 44 FE 83 27 44 FD
E3 60 F7 F4 03 26 44 FD 83 25 C4 FD 03 25 84 FD
EF F0 1F E3 13 00 00 00 83 20 C1 02 03 24 81 02
13 01 01 03 67 80 00 00 13 01 01 FE 23 2E 11 00
23 2C 81 00 13 04 01 02 23 26 A4 FE 23 24 B4 FE
23 22 C4 FE 83 27 44 FE 63 96 07 00 93 07 10 00
6F 00 80 01 03 26 44 FE 83 25 84 FE 03 25 C4 FE
EF F0 5F E5 93 07 10 00 13 85 07 00 83 20 C1 01
03 24 81 01 13 01 01 02 67 80 00 00
@00001000
17 00 00 00 38 00 00 00 01 00 00 00 51 00 00 00
15 00 00 00 09 00 00 00 62 00 00 00 2B 00 00 00
08 00 00 00 0C 00 00 00 0D 00 00 00 43 00 00 00
13 00 00 00 26 00 00 00 22 00 00 00 02 00 00 00
